0.0000 0.0000 22.0000 8.4853 8.4853 0.1510
0.0000 1.0000 21.0000 8.4778 8.4927 0.2116
0.0009 2.0000 20.0001 8.4662 8.5045 0.2613
0.0030 3.0000 19.0001 8.4504 8.5205 0.3454
0.0066 4.0000 18.0003 8.4285 8.5430 0.6379
0.0123 4.9999 17.0009 24.2698 8.5832 15.0890
0.0213 5.9654 16.1092 38.8438 9.4690 16.6822
0.1133 6.9188 15.3637 36.0479 10.9337 16.6702
0.2962 7.8592 14.7475 33.8024 13.1916 16.5559
0.5683 8.7783 14.2542 31.9872 14.3697 16.3137
0.9269 9.6685 13.8790 30.5153 12.9432 16.5979
1.3667 10.5200 13.6542 29.2973 11.7462 16.6556
1.8854 11.3255 13.5947 28.3102 10.7488 16.6708
2.4786 12.0777 13.7355 27.5280 9.9247 16.6750
3.1410 12.7697 14.1366 26.9326 9.2556 16.6880
3.8665 13.3951 14.9018 20.0899 8.7304 25.5090
4.6033 13.9163 28.5077 12.6850 8.4989 14.1712
5.4671 14.3567 26.5229 11.3066 8.2829 5.9605
6.3871 14.7347 25.1852 11.3533 7.9936 2.5006
7.3238 15.0822 24.0589 11.8133 7.6632 1.1544
8.2661 15.4162 23.0049 12.4151 7.3168 0.6374
9.2108 15.7440 21.9768 13.0666 6.9651 0.4395
10.1567 16.0683 20.9586 13.7325 6.6124 0.3642
11.1035 16.3901 19.9443 14.3990 6.2601 0.3356
12.0509 16.7100 18.9318 15.0604 5.9089 0.3249
12.9990 17.0280 17.9205 15.7144 5.5590 0.3210
13.9477 17.3442 16.9100 16.3604 5.2103 0.3195
14.8969 17.6586 15.9003 16.9175 4.8630 0.3187
15.8468 17.9713 14.8912 15.8684 4.5170 0.3178
16.7972 18.2822 13.8829 14.8167 29.0899 -12.3054
17.7264 18.5842 13.2452 13.3255 31.5184 -16.0159
18.6171 18.9456 12.8165 11.9447 32.5869 -20.0656
19.4513 19.3772 12.7130 10.7489 31.2038 -20.0659
20.2307 19.9015 12.8462 9.7996 30.1919 -20.0659
20.9450 20.5114 13.2921 9.0609 29.5077 -20.0659
21.5849 21.1991 14.1899 8.5114 23.8981 -20.0659
22.1419 21.9554 15.8092 8.1427 15.8031 -20.0659
22.6088 22.7704 18.7328 7.9583 12.4312 -20.0593
22.9794 23.6335 24.4691 7.9756 10.4941 -7.6121
23.2638 24.5830 26.2114 7.8469 10.2628 -7.3209
23.5062 25.5448 24.9748 7.7688 10.0312 -8.2356
23.7070 26.5139 23.7770 7.7814 9.7027 -8.4000
23.8613 27.4911 22.6405 7.8790 9.3501 -8.2656
23.9678 28.4750 21.5638 8.0624 8.9946 -7.5957
24.0272 29.4644 20.5382 8.3160 8.6621 -5.5239
24.0430 30.4596 19.5429 8.5647 8.4106 -2.7630
24.0267 31.4583 18.5513 8.7341 8.2606 -1.4109
23.9945 32.4575 17.5569 8.8592 8.1539 -0.7849
23.9540 33.4566 16.5602 8.9634 8.0649 -0.4391
23.9089 34.4556 15.5621 9.0556 7.9853 -0.2268
23.8613 35.4544 14.5630 9.1397 7.9114 -0.0875
23.8123 36.4532 13.5634 9.2177 7.8418 0.0089
