22.0000 8.4853 8.4853 -1.2598
21.0008 8.5482 8.4238 -0.3355
20.0011 8.5756 8.3974 -0.1965
19.0014 8.5989 8.3750 -0.1431
18.0015 25.1746 8.3536 16.5638
17.1021 39.3224 9.2387 16.5638
16.3483 36.4555 10.6039 16.5638
15.7316 34.1518 12.7016 16.5580
15.2496 32.2803 15.5469 11.3557
14.6737 31.0596 14.1671 14.7370
14.3226 29.8094 12.8807 16.2582
14.1823 28.7121 11.7701 16.5212
14.2378 27.8191 10.8448 16.5578
14.5272 27.1175 10.0863 16.5630
15.1277 22.8325 9.4800 16.5636
16.1739 15.3553 9.0176 4.5401
29.1443 15.9935 8.5123 4.4005
27.7211 16.4790 8.0277 4.4005
26.3424 16.8117 7.5646 4.4005
25.0047 17.0288 7.1228 4.4005
23.7045 17.1561 6.7022 4.4005
22.4388 17.2121 6.3029 4.4005
21.2047 17.2106 5.9249 4.4005
19.9997 17.1617 5.5683 4.4009
18.8213 17.0731 5.2335 4.4092
17.6668 16.9494 4.9208 4.5643
16.5304 16.7687 4.6330 6.5482
15.3712 16.2371 4.3994 11.4995
14.1763 15.0525 24.7984 -14.2299
13.4636 14.8969 26.3768 -10.2791
12.7124 13.3824 27.3814 -15.3905
12.1656 11.8996 31.0460 -19.0717
11.8674 10.5958 31.4362 -19.5255
11.7634 9.5346 30.2479 -19.5573
11.8828 8.6834 29.3830 -19.5599
12.3013 8.0149 28.8114 -19.5600
13.1603 7.5138 24.4422 -19.5601
14.7396 7.1748 17.3115 -19.5600
17.6633 7.0034 13.8942 -15.7044
21.8500 6.9244 12.2891 -12.1461
25.1124 6.8986 11.4264 -12.1459
23.8354 6.9892 10.6729 -12.1455
22.6882 7.2158 9.9935 -12.1394
21.6565 7.6059 9.3654 -12.0116
20.7277 8.1930 8.7777 -8.6487
19.8327 8.8153 8.3340 2.1314
18.8070 8.8683 8.2641 2.5837
17.7814 8.8736 8.2280 2.5915
16.7611 8.8571 8.2129 2.3793
15.7467 8.8330 8.2103 2.0211
14.7374 8.8109 8.2124 1.5913
13.7319 8.7972 8.2126 1.1763
